94.6743518847178
82.3441562176190
101.253323064748
107.876764203586
91.5352864931854
115.909154656430
113.891642016521
104.623667234067
110.272923614087
107.746391428209
98.1329142231856
116.257905482933
96.1168345698581
125.831858181971
99.6360411691341
101.139313135208
112.667682113592
102.592814605236
96.0435159451633
83.6765053634998
96.9441081639264
76.6381814206220
92.1432455181895
108.235620644463
81.0822429829771
98.5799667282826
109.540014216025
87.0627042355252
101.590355680990
134.711476236582
127.001144222846
147.899973754643
154.156222888761
155.119083235009
168.902497549325
164.686005056820
170.908380742434
153.975428852261
174.802104422312
171.432827011680
158.959144379988
177.573042346775
165.435270719185
191.151414858723
166.949095958031
182.287430109622
176.193206726676
167.780983756445
152.293255056947
176.408121754788
164.893662935258
183.144630488955
184.077407853420
189.924298701905
177.912825869242
161.564047973175
168.803372517139
149.908844756592
155.804893304697
146.517792108547
145.000431918416
133.821405487523
131.950037387875
93.2600974235904
99.2818327304516
100.956384712118
87.3095733842945
80.7785734633080
76.4031403161844
82.7708918759731
83.6890020520072
81.4435458436804
80.2253104447764
80.0411288999644
73.2486549414474
88.6599595234397
90.1844483705412
96.1480904339506
116.435082443498
94.4902526167226
103.232338511385
111.990486181478
109.408899407278
92.0790826445621
107.120351521651
102.378820728756
87.9223660832173
96.5795524786640
114.822949531553
100.685002970547
105.898804896870
97.8798710657979
98.6453477452068
98.4042669780376
103.436534895037
91.5009620145236
104.811816178784
101.689606457233
98.7828570830374
99.3439314866745
89.1222298353020
76.9767928267656
109.863373910020
97.8136493365525
110.273675640808
104.340570128472
107.214661388791
93.9605553325227
100.528539352615
101.255708049708
93.1411378619147
98.4409707647631
124.724799344199
107.557438318378
94.8268254629545
115.587728663136
103.716561356798
115.507224568975
146.388983769384
160.534654455048
154.286444300466
163.564675138854
146.321806352734
149.393948204938
147.375600471617
140.868479315061
139.805630018905
158.312175149954
144.112448963841
170.548541843088
202.057287931124
181.316260107804
162.102403283180
152.395857006104
142.895020345384
186.789170576813
171.380280128584
129.158614148637
107.080639550341
120.270737237364
127.694011201072
113.563723608452
109.977696641828
131.884904709035
124.535241052324
122.532418361169
107.536634719151
66.6302414585591
46.4580262553102
46.9868518466096
60.8013057194261
39.3470598515841
54.8529555591654
52.0450909738052
68.5033225617553
71.6524806884747
81.2066977697658
105.351522661221
116.935171407227
99.5263732614976
65.6938311986633
60.9643305738222
67.3587963872948
70.7246878003317
77.3539795424911
85.5288351742382
98.9630952043264
94.4567531944339
99.3256073141728
60.9294070376602
45.1841178862471
18.1959750069684
34.2133808064055
48.1834313999764
80.7544694257097
94.6564652201574
89.8880701873034
39.7069699544809
44.5580119017647
45.3212643325936
37.3502663282888
51.7096058384895
98.2828293155150
108.121601697715
38.4270225690325
35.7738985566579
51.3783419871876
33.1020045152317
21.1873437598016
39.1554263277236
63.5324256851535
84.0789388463248
122.573847551475
113.045423535922
116.645290204853
48.6018822258504
28.6022059768677
40.8887651661974
48.9024493625120
28.8379124221439
44.3527413474712
36.9858787373028
57.5118471182490
39.0015954528919
46.8599059329372
24.9543667840921
33.0691208234030
48.6204801179919
38.7899530781871
49.3655565160192
33.6872034327485
21.7478887111623
46.6836346667498
95.5564838790246
36.8677601063098
31.7922362268503
39.4419972674731
11.7957331177579
37.5532108445806
89.9569827156639
137.818627836009
159.179181315886
130.210132390056
103.615612361133
119.274479890097
133.037951999671
185.075244865230
185.171069556217
181.869385592144
161.487926254311
176.801358228426
173.681550344336
177.216788037266
195.891726184126
212.092874859524
199.246386797711
195.882126760487
212.131408177614
200.559406788884
183.929301051740
189.854977073128
176.949949262445
165.237821406452
180.764524736744
184.634006131845
172.774406983636
187.034244469373
179.923508691028
202.804385837489
180.354101520584
187.901148720495
119.188991208812
87.6166246016140
112.134444949753
93.2533301354322
102.668655491865