0.880715
0.913639
0.889578
1.0663
1.03631
0.984234
0.89147
0.942265
-0.00437635
0.0485916
0.15974
0.0885586
0.0979583
-0.0656331
0.0749351
-0.0268502
1.1107
1.02546
1.02687
1.00175
0.891153
1.12679
0.870595
0.800073
-0.0103458
0.104709
0.054915
0.0782067
-0.0933195
-0.0342357
0.0360668
-0.160643
0.916349
1.0363
0.989227
1.09582
1.16876
1.10519
1.02993
0.85425
0.183874
0.192517
0.1583
-0.066744
0.0491165
-0.193579
-0.0616291
-0.0247871
1.0336
0.950774
0.925175
0.815357
0.931046
0.946135
0.851759
1.17029
0.0442824
0.12645
-0.0108585
-0.191565
-0.0765099
0.0740806
-0.108847
0.165331
0.971062
0.855605
1.13718
1.16554
1.02509
0.92089
1.08487
0.814417
0.0345775
-0.0720664
0.0456008
0.121799
0.138243
0.155992
0.0950896
-0.0798791
1.05999
1.16949
0.931596
0.93975
0.933146
0.995257
0.994391
0.903751
0.066097
0.0754845
-0.14525
-0.195361
0.161925
0.0589557
0.0922941
-0.0742149
0.904324
0.893155
1.0687
0.96972
0.822596
1.07953
0.811866
0.856081
-0.0521561
0.154576
0.0225654
0.151573
-0.0267525
-0.140684
0.0162664
-0.10571
1.03063
1.05941
1.01265
1.17541
1.19601
0.87853
0.985284
1.04006
-0.163524
-0.092233
-0.116099
-0.129575
0.111118
-0.0470656
-0.15808
0.0133976
0.938127
0.983026
0.981536
0.815088
0.941057
0.941691
1.02899
1.02504
-0.113718
-0.115378
-0.0474441
0.132408
0.124546
0.105197
-0.164403
-0.00335093
1.14872
0.910868
1.19735
1.13531
0.980633
0.912882
1.17378
1.03123
-0.100754
0.0917692
-0.0287912
0.0219184
-0.17727
0.101035
-0.195007
0.133372
0.856923
1.0718
1.13596
0.820887
1.12275
0.98056
0.816797
0.979583
0.174987
-0.157201
0.161449
-0.0133
0.125047
-0.0051088
-0.0507279
-0.0613605
1.17998
1.12672
1.17717
1.04495
0.910575
0.927689
0.971673
1.14184
-0.0392285
0.00842921
0.0737877
0.0877285
-0.0890469
-0.0392407
0.108957
0.00335093
0.807691
0.818555
1.0547
0.918863
0.872451
1.18179
1.11837
1.19053
-0.0984588
0.0663167
-0.162389
-0.150707
0.0701376
0.142161
-0.184021
-0.155834
0.852626
1.02228
1.10615
0.942314
0.971868
1.06485
0.853285
0.848915
0.0898892
-0.0487869
-0.188733
0.108957
-0.0475906
0.102145
-0.05627
0.153539
0.899918
1.19489
1.12302
0.853249
1.05748
1.04348
1.13926
0.941142
0.116062
-0.0951384
-0.168053
0.0675619
-0.18225
-0.126719
-0.0430738
-0.15034
1.05741
0.825379
0.800757
1.0779
0.913053
0.978753
1.15547
0.84203
-0.0820521
-0.0739219
0.065804
-0.0607746
0.0863002
-0.192309
-0.0382397
-0.0734214
